500 2982 91
437 235 184 396 282 164 387 327 343 352 45 266 92 107 26 498 212 204 248 12 350 465 209 51 234 233 453 177 59 463 69 47 36 307 363 217 214 186 315 329 135 421 73 18 176 269 48 477 39 424 190 262 202 173 296 356 408 191 50 474 444 227 64 110 454 295 362 239 252 313 254 360 127 149 3 447 325 30 460 308 381 399 268 284 196 89 218 418 404 316 288
482 308 815
250 282 904
123 167 484
209 257 445
123 80 859
158 127 288
88 34 835
168 186 480
261 388 375
57 66 799
400 364 895
375 263 728
193 173 50
117 133 791
22 12 547
157 46 443
106 136 684
38 27 169
28 39 1004
15 2 106
158 179 859
43 101 492
55 33 72
343 181 835
56 159 987
227 58 986
189 243 375
101 289 236
161 74 330
169 173 641
114 54 424
177 309 506
461 349 209
87 156 509
40 1 617
101 104 142
155 48 345
251 283 421
49 66 876
177 132 541
118 354 431
135 431 835
49 84 920
443 469 93
65 17 625
40 58 65
270 396 770
282 250 904
199 366 727
265 135 91
80 123 859
223 315 310
433 331 145
354 283 429
4 27 482
24 63 405
238 234 961
164 237 504
357 193 810
186 168 480
103 150 821
255 178 140
182 358 704
244 200 150
133 202 549
174 155 625
117 60 225
430 297 1003
294 150 674
142 129 690
450 272 990
71 166 526
100 86 621
247 294 311
96 169 247
135 265 91
178 247 70
92 276 144
294 247 311
306 207 341
299 380 400
149 126 388
389 488 1023
92 230 791
328 180 955
446 405 110
414 495 875
109 272 661
153 218 367
206 170 583
2 14 461
271 53 896
194 128 984
104 208 504
445 430 102
91 112 138
204 193 415
25 58 957
3 61 842
395 362 345
409 180 758
323 304 868
477 177 844
12 2 807
258 297 628
241 327 844
295 402 125
178 134 626
313 348 944
143 97 473
157 137 428
7 12 258
225 340 921
201 236 267
227 204 141
171 494 692
158 209 963
201 90 770
108 78 86
11 5 537
329 274 993
39 48 792
131 100 908
63 110 1004
55 97 670
414 365 555
350 324 867
220 158 834
247 283 585
61 69 452
23 32 134
178 312 770
278 167 753
293 412 575
302 138 264
284 322 736
127 91 101
21 17 687
1 5 304
331 238 866
155 208 995
179 158 859
423 255 179
455 464 696
237 230 178
303 147 547
128 31 351
363 468 900
198 146 545
98 326 399
272 450 990
135 231 632
492 410 854
31 87 862
221 497 1041
73 129 192
334 408 292
345 210 89
123 246 612
258 115 568
44 24 483
442 333 667
240 355 153
328 405 144
149 239 130
415 466 64
420 404 235
259 379 52
2 10 282
25 57 250
101 43 492
203 307 863
406 257 220
286 407 804
127 271 513
41 21 797
406 402 947
376 153 141
413 489 402
70 47 173
365 414 555
289 101 236
246 123 612
352 411 72
286 224 884
150 394 271
109 96 156
271 249 156
102 410 764
412 289 126
84 41 771
2 12 807
318 378 163
125 121 559
193 205 134
244 374 714
211 189 640
118 174 551
63 24 405
187 321 557
31 61 160
317 284 128
260 395 259
279 138 769
254 110 938
324 223 523
19 4 195
219 68 620
82 39 477
303 105 803
348 355 1039
389 202 766
172 196 751
184 136 407
36 58 453
308 175 557
279 325 103
76 74 764
199 339 748
225 108 166
201 107 113
87 96 369
39 82 477
85 97 314
261 362 601
168 314 950
371 296 492
1 4 662
122 392 755
290 341 1020
75 33 674
247 376 322
105 151 136
179 92 264
179 287 1020
236 111 984
362 261 601
255 312 225
228 123 558
341 185 750
63 324 711
318 98 754
344 482 348
393 123 615
219 169 897
408 159 478
189 269 373
283 354 429
69 190 277
153 376 141
188 131 496
327 220 922
328 223 563
406 76 752
178 175 562
65 98 978
475 485 1014
471 373 448
309 467 949
261 175 767
85 75 138
125 232 266
383 314 653
218 187 349
245 104 766
55 30 615
436 278 489
65 91 1041
14 20 819
33 24 567
86 67 586
430 337 461
126 149 388
230 219 966
148 45 484
118 266 261
16 35 139
81 42 595
34 9 364
230 245 381
114 79 251
140 56 366
84 49 920
67 86 586
248 262 792
302 440 795
281 348 780
186 485 159
92 179 264
132 84 433
287 179 1020
267 302 89
46 284 987
296 377 304
210 215 1023
427 410 343
6 25 944
178 302 141
312 255 225
449 385 654
338 328 446
101 27 1045
298 336 432
430 470 640
401 176 957
335 246 214
479 340 366
466 300 889
300 242 970
86 154 351
125 78 82
399 474 708
95 58 323
316 138 227
102 100 860
162 100 685
212 141 305
16 5 600
461 462 542
83 180 455
147 253 655
226 286 910
421 477 534
14 15 375
62 112 815
380 494 1013
349 461 209
294 372 741
440 340 50
304 68 499
318 312 232
400 212 55
119 301 1007
416 294 442
290 334 602
89 78 248
433 408 241
126 121 282
468 370 839
252 262 556
258 106 847
126 95 477
458 188 246
426 137 640
79 186 418
357 419 93
111 103 650
146 211 683
319 262 946
306 77 905
48 417 743
317 145 812
228 436 822
256 114 585
315 360 509
341 132 235
33 86 973
133 150 1022
141 107 191
111 131 321
385 448 777
15 13 837
20 18 172
223 111 124
25 28 946
330 452 107
118 91 711
497 221 1041
377 326 387
76 113 858
108 237 542
26 4 605
287 184 509
359 419 157
96 109 156
143 122 91
38 52 751
112 172 228
218 418 845
34 40 503
187 162 425
246 487 760
14 10 316
76 22 65
66 57 799
123 393 615
11 18 177
163 437 123
52 32 875
152 155 686
160 51 220
255 423 179
206 97 630
153 149 288
231 149 227
10 16 916
440 302 795
222 270 313
9 32 857
3 4 130
42 50 916
72 80 281
70 51 263
5 8 718
313 305 556
9 6 273
128 103 948
244 300 340
284 405 454
220 366 387
435 197 674
22 15 1028
400 267 155
230 289 185
173 193 50
125 75 811
241 199 872
426 369 222
15 22 1028
396 270 770
476 313 579
83 207 948
361 344 250
397 184 797
27 74 753
18 20 172
385 195 397
83 82 516
249 382 1039
196 297 254
265 369 849
215 429 187
194 347 803
174 218 472
495 242 768
355 423 152
150 384 621
48 156 825
5 3 1043
96 276 60
69 146 467
274 224 749
167 278 753
255 380 940
139 92 534
46 185 606
298 140 958
172 116 912
139 247 730
271 127 513
21 67 1014
410 102 764
86 33 973
204 222 536
289 381 591
210 90 277
249 122 202
474 153 143
16 31 584
428 499 524
472 374 295
265 424 349
200 148 886
337 282 829
87 161 869
252 113 932
313 476 579
352 287 104
309 404 537
121 125 559
27 4 482
162 94 822
33 8 504
12 22 547
229 277 512
146 43 938
134 55 1036
134 305 865
45 47 516
51 144 787
250 240 1018
73 164 872
374 152 465
466 415 64
465 267 636
395 265 896
105 84 1045
41 84 771
19 39 241
107 86 336
34 63 147
36 56 430
411 276 783
493 245 913
203 195 318
398 140 824
190 316 265
192 425 263
104 79 651
163 77 945
499 428 524
72 21 656
321 187 557
287 484 600
40 19 352
229 422 410
218 174 472
40 34 503
192 177 120
5 6 86
39 19 241
309 173 288
107 94 407
260 121 171
43 9 896
20 23 345
346 215 395
11 7 694
240 397 275
290 372 800
99 61 856
163 215 201
240 250 1018
461 352 251
77 306 905
69 58 280
487 298 147
266 127 105
102 320 634
156 41 77
389 371 604
345 303 813
240 177 332
42 36 132
359 285 133
67 21 1014
234 193 420
186 497 444
379 347 57
370 470 723
285 251 917
286 453 166
354 118 431
325 296 637
434 428 678
42 11 198
360 370 682
187 244 380
50 170 1013
433 475 909
78 87 577
304 323 868
403 326 181
443 131 117
146 216 97
492 391 891
70 105 894
101 64 202
483 448 261
161 87 869
251 290 330
282 222 665
216 201 1023
11 42 198
41 156 77
295 233 741
132 177 541
131 311 296
309 235 240
320 458 212
430 291 682
116 72 52
100 114 1035
244 290 436
112 423 839
424 265 349
24 3 369
115 263 413
347 194 803
141 75 525
54 65 531
469 282 128
85 192 650
10 2 282
4 1 662
217 200 311
91 65 1041
68 43 393
162 185 970
252 326 154
127 88 803
491 172 1006
224 274 749
236 134 651
12 29 420
37 51 553
487 246 760
250 402 668
99 120 90
57 93 209
72 24 843
45 105 397
222 282 665
303 458 833
13 32 831
161 262 628
274 216 589
182 414 518
410 457 429
452 353 536
137 426 640
177 240 332
322 472 671
294 392 434
398 262 373
291 456 1037
364 128 598
231 491 1029
138 316 227
303 345 813
242 101 173
130 75 387
206 290 568
91 45 235
310 196 958
164 194 862
343 482 548
149 153 288
188 458 246
114 212 425
282 469 128
385 449 654
394 404 550
54 114 424
253 264 244
108 93 865
432 261 78
150 133 1022
315 333 889
121 260 171
151 247 789
280 238 359
162 193 133
450 276 557
495 316 835
308 318 1024
54 79 287
351 297 812
183 207 510
225 367 486
235 445 508
496 297 559
22 76 65
262 474 697
351 316 540
273 167 205
215 210 1023
111 398 447
345 442 663
472 322 671
106 138 904
135 64 739
369 265 849
15 24 390
411 352 72
25 8 821
71 181 314
448 454 899
112 62 815
31 128 351
89 90 762
211 146 683
371 228 920
203 182 726
133 128 968
260 243 459
238 280 359
35 196 347
197 207 383
77 62 659
335 349 145
264 372 1041
113 84 773
410 492 854
235 268 358
500 381 75
200 217 311
60 22 443
12 57 113
35 135 280
296 286 145
185 363 493
281 144 891
86 139 398
401 319 636
57 62 616
212 365 107
167 50 260
309 177 506
428 333 985
457 410 429
380 299 400
150 273 406
210 345 89
231 46 156
58 36 453
162 187 425
329 304 904
308 482 815
481 464 221
245 230 381
20 1 863
116 259 626
154 164 538
422 185 96
338 196 802
23 21 509
198 204 89
124 107 485
330 367 929
35 14 350
383 418 360
84 90 575
80 92 946
185 162 970
107 199 296
447 236 552
456 291 1037
196 172 751
17 4 883
244 225 700
94 29 235
208 357 916
115 60 602
193 356 795
375 180 940
346 137 363
138 74 776
341 290 1020
415 205 763
173 275 843
326 340 777
193 129 143
305 190 716
145 188 157
90 59 97
19 86 880
7 3 957
80 45 914
484 439 242
146 227 409
222 204 536
316 364 680
235 404 735
151 105 136
69 157 727
235 270 186
187 230 783
30 15 858
73 174 252
27 30 241
452 330 107
214 134 941
279 421 867
110 63 1004
113 176 984
166 173 705
338 374 1037
159 155 973
8 18 219
97 143 473
325 500 906
326 403 181
385 213 90
232 126 993
386 319 849
103 67 728
25 21 154
275 486 252
167 351 139
305 268 63
289 412 126
142 252 136
173 169 641
469 443 93
63 124 99
93 74 158
75 141 525
343 370 184
480 272 101
361 243 539
71 255 707
207 306 341
488 479 565
219 384 340
80 72 281
367 285 785
143 170 386
22 80 559
146 69 467
153 474 143
112 91 138
263 375 728
33 55 72
13 39 652
95 119 644
481 302 82
325 117 822
164 73 872
97 65 578
142 175 873
222 267 620
185 46 606
454 376 805
361 376 601
275 173 843
191 312 434
138 97 886
14 35 350
65 29 51
11 41 431
283 410 633
39 45 497
372 290 800
332 254 52
116 238 410
49 92 583
235 309 240
106 299 987
12 7 258
446 366 777
498 440 246
443 332 421
263 283 412
217 248 838
343 360 666
194 279 659
420 475 190
67 124 627
215 346 395
143 342 283
459 303 693
189 188 225
477 239 1000
237 408 671
90 147 56
247 151 789
470 295 798
361 363 1024
333 198 978
46 157 443
436 228 822
288 428 450
199 158 279
196 310 958
341 439 729
116 172 912
219 268 281
75 49 977
92 130 403
445 235 508
197 233 305
245 493 913
391 265 746
6 22 721
99 181 138
122 348 660
128 209 432
29 65 51
183 196 57
262 339 1018
274 113 149
257 350 175
98 275 645
413 221 923
373 211 266
224 286 884
280 481 716
76 120 984
108 116 379
384 219 340
454 325 153
295 470 798
405 328 144
194 353 496
62 154 998
147 44 606
151 214 681
105 70 894
91 118 711
392 427 241
97 55 670
240 343 500
282 337 829
36 46 998
449 356 703
252 359 459
245 462 356
370 385 877
91 56 861
391 186 706
379 121 705
327 416 229
224 209 164
332 443 421
41 32 251
206 220 466
165 164 625
107 31 286
237 164 504
59 52 1017
350 451 609
35 158 486
387 205 569
437 475 257
360 291 113
424 234 250
74 93 158
173 309 288
243 260 459
232 165 401
439 341 729
152 139 550
200 166 943
109 253 246
237 108 542
456 264 722
300 344 977
429 294 529
124 63 99
87 31 862
416 480 187
90 210 277
27 16 270
165 232 401
17 38 192
109 70 746
208 129 111
6 7 894
251 206 656
328 389 391
32 23 134
136 224 791
173 480 115
383 298 66
40 48 708
41 144 975
227 484 154
313 143 977
310 175 798
140 298 958
198 366 93
74 171 633
205 483 557
54 62 811
436 157 66
291 210 566
291 133 1006
153 66 980
122 97 240
218 476 109
343 240 500
322 247 831
57 71 628
1 20 863
34 96 392
145 314 486
228 115 189
247 178 70
82 343 741
426 462 701
402 250 668
21 18 743
448 483 261
34 37 293
189 211 640
368 167 656
90 248 652
273 251 425
89 324 638
29 100 973
301 496 140
464 207 402
373 324 890
114 256 585
129 193 143
61 31 160
154 315 74
128 194 984
218 427 835
242 133 421
303 469 121
323 442 683
93 99 461
109 103 577
163 134 410
79 43 408
27 101 1045
42 55 251
315 359 502
467 376 579
193 204 415
41 233 802
441 321 449
366 198 93
138 106 904
396 271 945
285 179 429
83 123 78
185 444 558
151 182 137
458 320 212
111 191 853
214 137 226
480 173 115
37 42 788
204 332 864
56 91 861
254 320 720
384 254 218
281 96 980
8 5 718
137 346 363
391 492 891
32 9 857
260 352 936
391 313 265
100 102 860
303 205 561
90 89 762
193 357 810
37 14 500
187 169 227
201 365 530
142 93 483
91 127 101
340 315 383
206 251 656
144 51 787
431 251 772
18 28 837
214 234 390
213 90 992
272 480 101
216 317 427
47 226 179
441 221 77
141 183 684
167 273 205
122 249 202
226 487 624
42 37 788
408 433 241
418 218 845
197 306 330
419 359 157
180 409 758
324 63 711
371 394 259
32 33 759
444 185 558
136 259 1034
30 45 371
29 94 235
272 109 661
238 138 743
216 196 345
254 384 218
68 63 548
304 329 904
437 163 123
374 244 714
125 155 247
221 393 849
315 148 557
276 120 250
316 351 540
218 153 367
326 377 387
191 105 542
464 455 696
196 35 347
80 85 290
104 117 519
415 303 338
24 16 295
38 18 349
5 1 304
376 247 322
340 419 161
333 315 889
279 326 751
321 194 517
154 62 998
351 403 909
497 359 179
200 212 94
370 343 184
176 420 980
105 191 542
223 110 69
412 293 575
119 95 644
65 78 497
329 232 553
286 258 700
133 291 1006
453 286 166
259 136 1034
232 378 794
440 463 1024
14 21 58
164 165 625
127 266 105
41 176 285
211 373 266
321 441 449
88 161 617
242 300 970
39 28 1004
69 61 452
66 168 466
410 427 343
142 220 1023
120 298 1017
300 466 889
152 67 115
148 200 886
120 276 250
350 257 175
104 121 804
155 191 739
259 232 936
46 231 156
286 296 145
431 135 835
352 247 567
277 342 51
416 257 581
428 288 450
223 324 523
169 219 897
65 75 861
95 126 477
346 356 164
209 370 701
121 211 386
1 7 963
276 96 60
26 34 660
51 23 633
115 258 568
24 15 390
110 171 668
40 85 525
47 74 653
211 251 491
237 245 184
109 289 690
178 255 140
172 112 228
69 72 543
278 265 252
188 189 225
61 84 894
330 310 328
72 153 503
323 154 305
60 117 225
85 189 266
227 471 342
208 296 667
132 143 708
231 135 632
106 258 847
79 145 1025
219 159 502
369 213 477
176 41 285
171 110 668
88 210 57
133 242 421
274 476 388
211 354 222
342 143 283
23 83 862
197 435 674
124 345 364
60 38 593
56 140 366
181 331 651
76 406 752
104 141 992
45 80 914
411 311 772
23 9 185
83 136 53
239 477 1000
210 291 566
291 360 113
326 98 399
116 108 379
355 417 251
11 17 354
88 73 366
305 378 206
365 212 107
21 25 154
129 148 85
111 81 886
44 287 339
328 455 140
135 103 185
199 350 228
43 79 408
217 139 305
282 399 518
434 318 743
7 8 191
75 65 861
205 267 470
300 244 340
428 317 789
49 36 675
177 192 120
301 89 496
327 463 504
339 262 1018
160 382 317
26 30 303
269 142 142
136 117 256
123 228 558
24 33 567
60 89 136
298 120 1017
153 72 503
48 39 792
288 457 152
81 67 747
85 102 499
385 370 877
263 142 584
59 122 1018
251 46 956
485 186 159
60 115 602
224 136 791
131 443 117
7 10 884
82 22 918
345 124 364
175 178 562
340 225 921
232 329 553
38 60 593
3 5 1043
310 386 629
24 72 843
374 338 1037
257 455 1041
205 415 763
345 390 947
201 216 1023
195 76 114
461 436 1010
207 83 948
15 54 198
220 142 1023
45 91 235
269 189 373
386 310 629
45 30 371
103 71 411
43 68 393
110 254 938
44 147 606
78 89 248
211 121 386
349 364 999
214 151 681
249 293 1021
16 24 295
51 134 311
154 323 305
90 201 770
277 229 512
314 145 486
121 126 282
263 115 413
39 13 652
115 140 479
453 213 55
68 142 272
459 209 216
408 334 292
142 269 142
25 170 912
222 291 869
300 438 162
212 200 94
27 19 317
74 37 384
115 61 736
110 52 256
50 28 457
308 335 74
381 412 261
266 196 940
110 99 922
177 124 906
374 472 295
58 227 986
243 241 500
39 152 222
253 147 655
26 56 905
281 170 917
5 16 600
362 102 92
209 278 251
404 420 235
239 333 335
410 283 633
473 320 656
296 456 938
360 315 509
318 308 1024
93 57 209
198 201 669
223 328 563
188 270 1049
13 10 976
297 351 812
388 261 375
475 433 909
178 311 712
52 102 571
220 327 922
475 420 190
57 12 113
208 104 504
467 319 393
396 124 801
463 460 330
298 383 66
48 89 95
142 68 272
53 64 994
310 330 328
19 27 317
176 125 654
286 304 188
496 301 140
422 184 499
180 112 64
192 66 879
161 88 617
159 219 502
261 129 121
449 269 84
89 48 95
371 389 604
274 329 993
438 346 233
131 111 321
308 229 398
166 272 242
1 10 688
176 401 957
394 150 271
20 14 819
54 57 652
279 194 659
194 164 862
82 254 211
246 227 215
377 342 612
123 249 145
168 433 835
93 142 483
366 499 719
100 94 224
475 437 257
8 33 504
287 44 339
397 447 312
420 451 598
202 174 831
393 489 515
61 3 842
376 454 805
233 41 802
120 76 984
77 22 794
46 12 363
96 281 980
412 431 83
28 50 457
447 319 314
225 191 922
262 398 373
93 61 153
214 260 618
389 328 391
250 183 694
392 122 755
286 226 910
48 40 708
294 136 716
434 82 96
184 150 327
37 70 717
70 109 746
446 306 471
382 249 1039
429 318 101
337 327 625
371 82 381
63 64 852
120 311 613
143 349 879
267 425 1022
486 413 159
78 75 69
437 302 573
182 117 627
117 182 627
222 130 554
100 29 973
8 7 191
124 396 801
438 300 162
11 43 87
152 168 1049
469 488 776
117 104 519
104 101 142
176 113 984
139 86 398
254 362 374
476 274 388
43 19 288
62 57 616
421 279 867
498 424 983
149 169 638
116 265 699
296 229 795
266 418 671
326 452 246
201 288 201
455 257 1041
35 13 214
27 44 327
220 239 258
79 114 251
77 163 945
433 168 835
132 335 664
486 275 252
365 307 247
297 196 254
295 283 444
64 63 852
46 251 956
247 352 567
269 449 84
283 247 585
36 32 268
26 49 582
110 121 123
83 23 862
56 26 905
422 229 410
25 6 944
471 227 342
179 139 664
50 42 916
362 386 235
319 447 314
272 299 171
336 124 204
134 178 626
205 195 616
175 308 557
373 471 448
28 44 228
296 371 492
184 422 499
76 20 814
187 164 964
97 138 886
311 471 475
33 75 674
347 379 57
213 299 889
478 403 583
73 39 572
82 434 96
5 9 252
295 227 647
205 387 569
479 353 345
254 82 211
353 325 149
122 50 639
317 428 789
305 313 556
162 268 812
133 226 562
465 439 138
354 211 222
9 43 896
319 386 849
167 123 484
4 3 130
87 106 410
147 194 229
138 302 264
468 363 900
489 351 534
426 292 381
264 130 285
450 206 515
146 331 546
146 198 545
221 369 1026
320 102 634
353 479 345
79 50 963
238 331 866
392 294 434
4 19 195
84 61 894
370 360 682
55 42 251
253 330 80
117 197 612
262 390 813
61 99 856
63 34 147
93 108 865
236 201 267
62 87 615
54 30 237
66 112 437
195 44 279
204 472 259
129 56 656
312 191 434
368 165 660
209 224 164
226 133 562
258 349 674
117 136 256
106 56 419
86 19 880
315 154 74
84 113 773
270 307 564
143 186 893
233 140 658
226 401 422
340 326 777
134 80 921
139 179 664
289 494 854
414 148 69
101 457 919
407 210 60
221 413 923
105 235 275
381 289 591
344 300 977
428 434 678
400 432 680
308 77 614
474 399 708
163 138 327
343 82 741
44 27 327
60 42 965
58 69 280
260 214 618
78 65 497
233 295 741
294 429 529
469 303 121
170 50 1013
81 197 365
34 18 264
151 160 794
150 184 327
58 40 65
317 216 427
128 364 598
104 95 972
423 112 839
10 11 744
221 109 359
173 166 705
115 51 389
293 249 1021
203 186 481
315 223 310
48 235 224
368 367 1024
124 67 627
181 228 873
20 26 118
235 105 275
285 367 785
457 101 919
332 204 864
197 334 676
144 71 324
118 106 375
230 237 178
328 338 446
98 65 978
220 206 466
191 155 739
16 13 452
229 183 622
270 235 186
293 233 407
136 184 407
309 413 163
16 19 929
193 234 420
404 235 735
144 284 907
348 490 651
483 393 497
44 195 279
347 238 991
246 335 214
7 1 963
398 111 447
80 190 808
68 304 499
158 102 414
182 203 726
229 202 871
483 205 557
261 212 512
136 83 53
404 394 550
464 481 221
420 333 188
364 400 895
205 303 561
3 28 725
184 114 201
52 66 425
327 337 625
252 182 210
9 23 185
249 271 156
251 211 491
157 436 66
151 213 870
145 358 602
358 415 531
180 432 306
432 180 306
484 287 600
478 179 141
94 31 696
490 348 651
84 105 1045
416 493 481
23 20 345
72 98 398
6 2 329
254 332 52
100 131 908
249 141 214
70 159 282
243 88 95
45 148 484
166 125 1027
220 409 408
94 107 407
132 100 520
96 188 688
186 143 893
73 15 265
176 199 699
204 174 1012
481 280 716
417 355 251
149 231 227
3 7 957
312 318 232
166 156 165
314 383 653
407 286 804
235 48 224
75 130 387
303 459 693
121 77 804
109 127 693
202 200 270
468 253 968
167 368 656
222 275 521
302 481 82
390 262 813
296 325 637
186 189 786
231 355 885
363 119 1011
250 169 660
147 139 263
59 71 987
321 286 889
325 454 153
352 496 393
180 83 455
213 151 870
319 401 636
138 238 743
78 125 82
99 119 516
397 280 603
52 110 256
464 340 268
232 125 266
88 243 95
462 461 542
136 294 716
261 432 78
51 70 263
75 78 69
227 146 409
484 227 154
180 277 387
418 266 671
89 301 496
149 58 380
471 311 475
74 138 776
64 160 445
267 465 636
21 72 656
373 387 841
286 321 889
215 130 266
253 226 626
319 182 992
210 407 60
171 74 633
139 217 305
77 137 450
41 11 431
198 333 978
95 49 55
356 346 164
197 117 612
105 130 91
168 152 1049
132 342 373
84 108 777
200 120 94
333 410 266
348 313 944
315 340 383
294 416 442
445 363 348
314 152 666
320 228 715
81 37 861
48 155 345
425 174 682
262 161 628
147 303 547
285 276 499
18 11 177
259 319 664
361 244 846
134 163 410
221 441 77
137 86 239
421 325 284
180 73 481
4 5 901
192 85 650
382 160 317
48 44 459
175 261 767
226 253 626
34 26 660
312 178 770
198 85 450
331 433 145
61 115 736
198 118 845
247 322 831
149 99 384
94 140 791
131 188 496
155 159 973
196 266 940
453 204 70
20 76 814
306 446 471
103 109 577
208 155 995
253 109 246
276 411 783
175 310 798
99 110 922
350 199 228
147 209 825
206 450 515
91 129 1048
119 373 846
260 307 521
306 197 330
82 371 381
19 3 129
291 430 682
322 284 736
424 191 525
165 155 97
60 62 1020
50 79 963
405 284 454
36 42 132
496 352 393
239 220 258
195 337 500
1 13 353
455 440 512
89 226 780
39 73 572
66 49 876
181 99 138
273 382 118
119 79 70
448 357 260
1 31 652
152 330 1013
181 292 702
364 349 999
228 181 873
183 113 388
151 145 737
180 375 940
399 190 824
62 77 659
313 391 265
72 139 101
169 96 247
141 212 305
170 143 386
13 8 299
386 485 426
160 64 445
130 222 554
42 46 755
265 116 699
408 490 877
491 231 1029
43 11 87
59 90 97
381 500 75
436 461 1010
95 104 972
114 184 201
258 286 700
74 27 753
409 252 1011
107 141 191
102 362 92
64 92 67
243 339 1004
456 296 938
242 169 310
257 416 581
268 443 264
276 450 557
17 65 625
204 453 70
447 397 312
235 225 431
197 81 365
268 162 812
57 25 250
278 209 251
363 185 493
485 475 1014
77 308 614
152 39 222
36 28 602
129 91 1048
327 493 234
358 145 602
430 445 102
177 210 893
49 35 947
115 120 856
248 217 838
402 213 527
291 222 869
47 45 516
23 56 456
51 160 220
159 240 900
393 221 849
19 16 929
403 478 583
25 106 1026
251 431 772
228 320 715
241 243 500
352 461 251
92 64 67
102 85 499
180 328 955
37 34 293
183 250 694
410 466 581
128 118 85
53 38 454
364 316 680
313 211 828
52 67 169
462 426 701
117 68 972
75 85 138
58 229 370
365 201 530
336 298 432
107 145 481
172 64 692
105 303 803
423 355 152
58 95 323
289 230 185
50 53 772
17 29 782
32 41 251
202 133 549
132 88 914
234 238 961
381 372 493
160 223 144
330 499 857
413 486 159
175 304 498
367 368 1024
402 406 947
82 62 663
3 19 129
186 79 418
73 88 366
191 225 922
394 371 259
412 381 261
49 95 55
256 280 609
10 1 688
490 408 877
145 107 481
179 195 233
184 287 509
415 358 531
133 20 609
402 295 125
259 116 626
187 218 349
164 264 53
330 152 1013
166 71 526
265 278 252
54 15 198
37 81 861
370 468 839
190 399 824
221 217 972
327 144 455
297 258 628
179 478 141
290 251 330
166 200 943
65 97 578
33 37 467
138 163 327
251 285 917
309 387 425
154 86 351
267 222 620
191 111 853
210 390 945
122 59 1018
318 429 101
217 131 462
266 118 261
489 393 515
174 202 831
376 467 579
5 4 901
196 183 57
150 103 821
177 477 844
174 118 551
53 32 225
440 455 512
26 20 118
240 159 900
454 448 899
15 30 858
130 92 403
184 213 244
390 210 945
473 278 933
97 224 795
66 192 879
427 218 835
210 88 57
297 498 807
257 229 734
174 73 252
431 412 83
156 48 825
206 194 615
372 264 1041
28 3 725
97 206 630
195 272 346
129 261 121
66 126 518
223 160 144
158 199 279
344 136 551
103 111 650
210 177 893
327 241 844
67 152 115
8 13 299
99 44 644
63 60 984
248 220 185
390 345 947
488 469 776
86 137 239
381 309 505
349 143 879
299 213 889
479 488 565
7 11 694
108 84 777
152 374 465
367 330 929
159 56 987
43 197 515
141 173 1007
99 93 461
182 83 758
377 296 304
20 133 609
209 147 825
29 96 252
444 428 591
257 209 445
113 274 149
476 218 109
46 36 998
42 60 965
140 233 658
64 101 202
119 300 526
465 473 568
139 152 550
111 53 444
324 350 867
230 258 982
26 24 604
175 157 715
51 115 389
190 69 277
243 254 400
340 479 366
109 221 359
56 23 456
32 52 875
77 68 558
490 487 733
219 225 459
229 296 795
316 226 283
68 35 863
239 149 130
76 167 87
494 380 1013
175 142 873
494 289 854
359 497 179
174 425 682
78 70 848
489 413 402
47 50 896
40 59 839
482 344 348
135 35 280
66 153 980
49 26 582
17 11 354
278 436 489
22 82 918
288 232 828
74 76 764
357 208 916
358 182 704
21 23 509
265 157 998
17 21 687
220 248 185
413 309 163
85 40 525
195 205 616
207 197 383
482 343 548
386 362 235
33 47 166
316 190 265
92 80 946
357 128 314
319 259 664
2 4 205
395 260 259
277 243 557
28 25 946
280 323 381
326 279 751
59 40 839
230 187 783
144 41 975
55 71 362
9 34 364
173 141 1007
213 369 477
44 28 228
370 209 701
338 277 342
131 269 685
439 465 138
49 75 977
280 256 609
355 231 885
409 220 408
116 131 336
112 118 976
184 397 797
126 66 518
365 375 860
473 465 568
297 496 559
229 308 398
307 260 521
283 251 421
209 459 216
147 90 56
30 27 241
189 85 266
302 178 141
140 115 479
178 156 751
414 182 518
79 119 70
255 421 950
352 260 936
98 72 398
174 257 471
424 439 383
243 361 539
193 162 133
129 142 690
64 53 994
97 122 240
96 34 392
122 143 91
154 322 556
334 206 732
241 120 656
292 426 381
339 199 748
495 414 875
283 263 412
137 214 226
226 316 283
292 184 771
333 239 335
202 229 871
280 255 211
200 244 150
459 323 971
13 15 837
127 158 288
71 103 411
334 290 602
247 139 730
65 54 531
13 16 452
162 140 929
440 498 246
479 283 753
493 327 234
331 181 651
404 309 537
92 49 583
146 126 55
246 127 85
127 109 693
29 17 782
478 306 738
175 149 981
333 442 667
213 385 90
229 58 370
9 36 413
351 489 534
265 391 746
141 104 992
38 54 848
334 197 676
43 146 938
393 199 584
157 175 715
22 77 794
428 444 591
83 30 430
167 310 694
190 305 716
140 398 824
271 396 945
115 228 189
58 25 957
463 327 504
30 26 303
421 255 950
292 256 707
347 260 210
303 415 338
79 104 651
355 240 153
265 395 896
133 117 791
14 2 461
156 166 165
347 394 442
94 205 639
319 467 393
497 186 444
288 201 201
252 142 136
314 168 950
21 41 797
98 57 516
155 165 97
299 106 987
182 151 137
437 427 326
378 232 794
37 33 467
195 179 233
3 24 369
382 273 118
142 263 584
1 40 617
249 435 681
79 54 287
130 264 285
137 69 589
268 305 63
82 83 516
380 255 940
98 318 754
272 195 346
282 147 823
466 410 581
413 260 677
169 242 310
460 463 330
72 69 543
86 100 621
108 177 488
78 221 685
419 340 161
472 204 259
159 70 282
256 179 174
335 132 664
50 167 260
131 116 336
145 79 1025
185 422 96
144 181 564
120 241 656
186 203 481
485 386 426
56 106 419
387 309 425
188 145 157
96 87 369
137 77 450
129 208 111
417 207 340
31 107 286
139 147 263
183 229 622
353 452 536
100 162 685
451 170 141
491 406 252
372 294 741
248 344 318
302 437 573
264 253 244
181 71 314
194 321 517
344 361 250
168 87 905
487 226 624
46 42 755
59 123 405
298 183 1023
406 460 118
141 249 214
105 45 397
108 225 166
160 183 600
324 89 638
10 12 177
6 18 912
53 271 896
224 97 795
366 199 727
360 343 666
35 68 863
304 175 498
71 144 324
2 6 329
182 252 210
61 17 226
89 60 136
199 393 584
148 414 69
38 17 192
275 222 521
405 446 110
52 12 754
157 69 727
100 132 520
112 150 515
102 158 414
213 184 244
267 200 602
331 146 546
311 411 772
216 388 324
113 47 417
40 73 436
134 214 941
290 244 436
225 284 72
2 8 416
346 438 233
424 498 983
137 157 428
47 28 554
80 22 559
388 216 324
356 193 795
165 141 801
81 111 886
95 103 57
448 385 777
72 116 52
4 26 605
52 38 751
50 122 639
494 171 692
13 35 214
116 95 220
246 301 884
325 353 149
28 18 837
183 141 684
106 87 410
103 128 948
144 327 455
320 473 656
276 285 499
205 193 134
397 240 275
270 222 313
113 252 932
181 144 564
333 428 985
62 60 1020
432 400 680
127 246 85
214 438 929
184 292 771
225 235 431
179 256 174
70 145 277
147 282 823
306 356 978
325 279 103
145 70 277
262 252 556
5 11 537
30 31 991
267 205 470
256 292 707
84 132 433
141 165 801
349 335 145
47 70 173
130 105 91
416 327 229
340 464 268
85 198 450
117 325 822
11 10 744
160 151 794
135 492 212
8 2 416
240 219 195
369 221 1026
22 6 721
10 7 884
284 46 987
348 122 660
358 89 1033
170 281 917
407 349 154
170 25 912
52 59 1017
337 430 461
486 305 180
219 240 195
94 162 822
300 119 526
164 110 221
2 15 106
470 370 723
120 99 90
67 52 169
129 73 192
307 365 247
439 315 506
93 151 728
167 76 87
328 291 1015
64 135 739
289 109 690
134 51 311
323 280 381
152 314 666
94 100 224
183 160 600
107 201 113
24 44 483
78 108 86
119 363 1011
195 385 397
134 236 651
393 483 497
185 154 474
118 112 976
228 371 920
136 344 551
204 227 141
114 100 1035
67 59 544
232 259 936
219 230 966
69 137 589
387 373 841
126 146 55
260 347 210
44 99 644
283 479 753
74 47 653
103 135 185
451 420 598
221 78 685
30 83 430
156 222 424
427 392 241
212 261 512
296 208 667
16 10 916
230 92 791
67 103 728
51 37 553
12 52 754
156 241 522
29 12 420
311 120 613
89 358 1033
86 107 336
68 219 620
158 171 650
190 80 808
253 468 968
448 344 709
166 239 382
7 14 624
379 259 52
297 430 1003
55 88 52
157 265 998
383 98 112
281 460 343
158 35 486
251 273 425
66 52 425
500 338 802
293 127 491
322 154 556
463 440 1024
60 63 984
288 230 616
353 307 113
194 206 615
144 281 891
55 134 1036
230 288 616
124 297 366
311 131 296
9 5 252
127 293 491
216 146 97
335 308 74
356 449 703
209 158 963
207 183 510
172 491 1006
45 29 1006
164 187 964
254 243 400
15 73 265
197 43 515
94 93 477
136 106 684
336 53 981
7 6 894
493 416 481
368 399 447
245 237 184
435 249 681
307 203 863
20 64 1015
58 149 380
95 91 919
121 104 804
452 326 246
36 49 675
243 277 557
149 175 981
17 8 751
95 116 220
198 441 64
90 84 575
433 465 431
158 220 834
155 174 625
238 347 991
488 389 1023
88 55 52
380 377 653
118 128 85
10 14 316
206 334 732
339 243 1004
233 197 305
120 200 94
148 125 868
356 306 978
427 437 326
234 424 250
67 81 747
257 406 220
23 51 633
222 156 424
307 353 113
13 1 353
439 424 383
16 27 270
255 280 211
200 202 270
273 150 406
34 88 835
199 241 872
337 195 500
363 445 348
119 99 516
376 361 601
499 366 719
140 162 929
477 421 534
75 125 811
169 162 818
467 309 949
125 148 868
56 36 430
500 325 906
425 192 263
35 16 139
373 119 846
499 330 857
403 351 909
186 391 706
15 14 375
121 110 123
170 206 583
165 368 660
53 336 981
269 460 150
18 34 264
375 365 860
201 332 1026
32 53 225
462 245 356
260 413 677
346 214 616
362 254 374
143 313 977
90 213 992
73 40 436
106 25 1026
97 85 314
18 38 349
106 118 375
31 16 584
169 250 660
93 94 477
441 198 64
234 214 390
244 187 380
429 215 187
19 40 352
280 397 603
263 156 925
139 72 101
248 90 652
131 217 462
232 288 828
31 1 652
213 453 55
88 127 803
209 128 432
234 108 385
255 71 707
45 39 497
123 59 405
212 400 55
284 317 128
324 444 782
164 154 538
439 484 242
418 383 360
297 124 366
96 29 252
351 167 139
32 13 831
226 47 179
200 267 602
226 89 780
380 435 505
406 491 252
366 220 387
10 13 976
342 277 51
349 407 154
298 487 147
61 93 153
264 164 53
330 253 80
148 315 557
29 23 677
183 298 1023
85 80 290
4 17 883
53 50 772
38 51 111
279 101 82
191 424 525
14 37 500
305 134 865
70 37 717
243 189 375
6 3 539
111 236 984
195 203 318
498 297 807
62 82 663
4 2 205
170 451 141
87 78 577
190 176 918
392 339 534
417 48 743
188 96 688
71 57 628
438 214 929
451 350 609
269 131 685
57 98 516
92 139 534
189 186 786
50 47 896
169 187 227
338 500 802
316 495 835
154 185 474
6 5 86
268 219 281
63 68 548
138 279 769
238 116 410
104 245 766
120 115 856
443 268 264
325 421 284
30 54 237
299 272 171
171 158 650
185 388 86
154 122 54
108 234 385
101 242 173
145 151 737
359 252 459
103 95 57
465 433 431
344 248 318
42 81 595
213 402 527
442 345 663
143 132 708
87 62 615
3 6 539
290 206 568
28 47 554
215 163 201
201 198 669
125 176 654
177 108 488
8 17 751
399 368 447
315 439 506
487 490 733
196 338 802
207 464 402
57 54 652
268 235 358
408 237 671
255 254 79
6 9 273
156 87 509
54 38 848
71 55 362
287 352 104
194 147 229
258 230 982
326 252 154
309 381 505
192 403 196
262 319 946
264 456 722
349 258 674
18 6 912
51 38 111
53 111 444
24 26 604
205 94 639
480 416 187
36 9 413
348 281 780
204 198 89
217 221 972
377 380 653
207 417 340
291 328 1015
113 76 858
272 166 242
372 381 493
112 66 437
28 36 602
457 288 152
32 36 268
244 361 846
62 54 811
359 315 502
369 426 222
159 408 478
320 254 720
112 180 64
44 48 459
47 113 417
101 279 82
77 121 804
87 168 905
202 389 766
23 29 677
199 176 699
340 440 50
124 336 204
33 32 759
30 55 615
435 380 505
155 125 247
304 286 188
128 357 314
342 377 612
125 166 1027
292 181 702
98 383 112
388 185 86
307 270 564
185 341 750
384 150 621
128 133 968
378 305 206
458 303 833
70 78 848
181 343 835
284 225 72
378 318 163
182 319 992
444 324 782
216 274 589
140 94 791
442 323 683
9 2 554
225 244 700
301 246 884
56 129 656
168 66 466
35 49 947
76 195 114
277 338 342
257 174 471
277 180 387
18 8 219
59 67 544
151 93 728
278 473 933
21 14 58
252 409 1011
130 215 266
401 226 422
121 379 705
69 55 468
12 10 177
275 98 645
156 263 925
17 61 226
324 373 890
176 190 918
99 149 384
110 223 69
333 420 188
88 132 914
83 182 758
150 294 674
12 46 363
122 154 54
91 95 919
419 357 93
410 333 266
301 119 1007
2 9 554
355 348 1039
179 285 429
460 281 343
455 328 140
405 385 906
362 395 345
126 232 993
19 43 288
156 178 751
225 219 459
18 21 743
492 135 212
242 495 768
339 392 534
132 341 235
306 478 738
22 60 443
318 434 743
270 188 1049
124 177 906
214 346 616
474 262 697
26 59 573
460 406 118
284 144 907
332 201 1026
31 94 696
196 216 345
344 448 709
71 59 987
55 69 468
233 293 407
27 38 169
38 53 454
367 225 486
403 192 196
236 447 552
241 156 522
155 152 686
64 20 1015
394 347 442
254 255 79
31 30 991
29 45 1006
385 405 906
148 129 85
249 123 145
460 269 150
59 26 573
256 214 256
214 256 256
169 149 638
310 167 694
302 267 89
68 117 972
353 194 496
440 102 493
174 204 1012
239 166 382
102 52 571
285 359 133
363 361 1024
425 267 1022
470 430 640
311 178 712
420 176 980
342 132 373
8 25 821
80 134 921
199 107 296
323 459 971
399 282 518
212 114 425
150 112 515
37 74 384
283 295 444
162 169 818
123 83 78
68 77 558
229 257 734
366 446 777
47 33 166
227 295 647
118 198 845
211 313 828
276 92 144
64 172 692
113 183 388
110 164 221
107 124 485
73 180 481
357 448 260
145 317 812
262 248 792
14 7 624
305 486 180
111 223 124
267 400 155
102 440 493
227 246 215
74 161 330
