22 80 1
21
1 16 48
19 1 31
22 12 28
1 8 39
22 11 45
1 18 20
22 8 19
7 1 50
22 3 29
1 10 39
2 1 57
16 1 48
22 21 59
15 22 34
1 20 14
8 22 19
22 19 28
21 1 59
22 9 59
22 6 29
1 3 29
1 6 39
9 1 40
4 22 40
14 22 67
22 2 49
12 22 28
1 14 48
3 1 29
13 22 59
1 15 30
2 22 49
5 22 29
1 2 57
10 1 39
1 4 20
20 1 14
20 22 20
22 14 67
22 20 20
22 13 59
8 1 39
9 22 59
11 1 29
14 1 48
22 5 29
10 22 38
17 1 24
3 22 29
22 15 34
22 18 47
1 5 23
16 22 31
5 1 23
19 22 28
12 1 40
6 1 39
22 10 38
1 7 50
1 17 24
1 21 59
4 1 20
18 1 20
22 16 31
1 11 29
1 12 40
22 17 41
1 13 39
18 22 47
1 9 40
7 22 52
6 22 29
22 4 40
17 22 41
15 1 30
21 22 59
1 19 31
13 1 39
22 7 52
11 22 45
